1      98217
9      30475
4       8518
甲       8437
2       4913
1.0     4831
3        421
其他       311
1.0      238
乙        177
9.0      124
2.0       70
丙         31
3.0       16
9.0       10
7          3
5          3
2.0        2
3.0        2
QKYHLB1




3       105192
2        63309
1        56050
3.0      32008
4        30413
2.0      24155
0        10970
1.0       9504
Ⅱ         5880
3.0       3524
12        3443
11        2989
4.0       2901
0.0       2770
2.0       2696
Ⅰ         2378
Ⅱ/ 甲      2225
12.0      1906
11.0      1691
Ⅰ/ 甲      1265
13        1151
6         1040
1.0        990
0类         863
7          784
13.0       620
6.0        586
Ⅲ          569
7.0        438
0.0        300
4.0        300
5          236
12.0       196
11.0       184
Ⅲ/ 乙       151
5.0        127
10         126
9          116
Ⅲ/ 甲        99
II          98
13.0        90
10.0        73
6.0         71
9.0         68
Ⅱ/ 乙        57
8           48
7.0         36
I           33
8.0         30
5.0         19
Ⅲ/ 丙        18
zero         9
III          7
Ⅰ/ 丙         7
Ⅰ/ 乙         6
10.0         4
8.0          3
9.0          3
Ⅱ/ 丙         2
Name: QKDJ1, dtype: int64